99988
99982
99974
99962
99957
99957
99943
99929
99926
99923
99922
99872
99868
99857
99851
99846
99844
99831
99828
99824
99817
99813
99808
99800
99792
99784
99781
99780
99776
99775
99773
99772
99769
99764
99748
99742
99737
99717
99717
99709
99699
99682
99647
99633
99623
99617
99591
99588
99567
99561
99559
99510
99504
99500
99491
99470
99461
99434
99423
99416
99407
99403
99382
99374
99372
99371
99346
99340
99335
99332
99331
99330
99306
99300
99293
99285
99284
99267
99262
99246
99239
99224
99213
99192
99186
99182
99180
99167
99161
99147
99146
99140
99137
99125
99120
99120
99106
99101
99081
99078
99076
99075
99068
99027
99025
99024
99001
98992
98990
98949
98949
98949
98879
98873
98867
98837
98828
98818
98808
98807
98804
98801
98797
98792
98777
98776
98770
98769
98769
98768
98766
98745
98729
98717
98714
98692
98686
98674
98674
98661
98661
98656
98639
98635
98616
98615
98613
98603
98600
98597
98596
98580
98571
98551
98538
98525
98524
98509
98508
98493
98462
98453
98453
98447
98447
98433
98429
98420
98413
98401
98399
98396
98393
98376
98370
98366
98359
98355
98327
98319
98318
98318
98317
98314
98304
98299
98275
98268
98261
98259
98223
98216
98209
98206
98200
98183
98180
98179
98176
98174
98173
98171
98160
98155
98153
98129
98110
98077
98072
98058
98056
98051
98030
98028
98022
98002
97998
97995
97994
97991
97970
97952
97945
97926
97923
97914
97897
97891
97888
97877
97856
97854
97854
97842
97831
97831
97806
97788
97787
97755
97748
97742
97726
97718
97717
97707
97675
97671
97667
97643
97604
97588
97582
97567
97565
97554
97545
97543
97538
97534
97524
97520
97508
97500
97497
97496
97495
97473
97465
97452
97431
97429
97423
97419
97408
97388
97375
97363
97360
97353
97340
97338
97321
97308
97303
97295
97281
97279
97259
97243
97243
97241
97232
97229
97218
97210
97204
97204
97203
97200
97159
97156
97151
97151
97151
97123
97116
97109
97107
97093
97090
97090
97089
97078
97075
97041
97032
97024
97007
97000
97000
96988
96961
96956
96955
96954
96941
96914
96869
96868
96861
96852
96851
96831
96830
96786
96778
96777
96758
96751
96749
96748
96740
96728
96715
96715
96713
96697
96686
96683
96680
96655
96647
96641
96639
96623
96600
96600
96566
96543
96515
96501
96501
96484
96484
96484
96483
96481
96480
96478
96473
96460
96445
96426
96403
96400
96394
96368
96353
96327
96312
96307
96306
96306
96301
96298
96295
96295
96281
96278
96264
96262
96258
96239
96233
96228
96197
96190
96189
96187
96180
96179
96165
96163
96154
96146
96133
96132
96130
96129
96125
96119
96111
96107
96100
96097
96086
96079
96078
96077
96076
96065
96042
96039
96019
96019
96009
96002
95998
95990
95989
95989
95974
95967
95963
95910
95900
95894
95891
95875
95874
95866
95837
95835
95834
95824
95823
95818
95797
95788
95770
95761
95761
95759
95750
95745
95737
95734
95718
95708
95704
95682
95682
95680
95678
95656
95648
95640
95639
95631
95619
95614
95609
95607
95585
95578
95575
95558
95558
95557
95545
95539
95538
95537
95531
95518
95505
95503
95489
95488
95481
95478
95478
95474
95468
95452
95449
95444
95440
95431
95431
95410
95393
95392
95390
95352
95349
95336
95326
95319
95317
95304
95302
95290
95275
95271
95265
95244
95220
95212
95210
95209
95192
95184
95178
95169
95161
95149
95147
95141
95141
95134
95125
95118
95106
95077
95066
95057
95045
95043
95036
95024
95015
95011
94998
94997
94991
94988
94965
94939
94936
94901
94879
94877
94876
94873
94862
94861
94859
94851
94849
94849
94843
94819
94808
94794
94774
94771
94770
94768
94763
94763
94743
94734
94728
94727
94720
94700
94700
94682
94678
94659
94658
94635
94633
94597
94584
94583
94583
94576
94568
94557
94556
94555
94553
94547
94526
94523
94518
94514
94503
94449
94430
94417
94397
94392
94374
94330
94325
94319
94291
94288
94272
94266
94257
94256
94252
94229
94221
94219
94208
94195
94184
94179
94173
94170
94166
94164
94149
94142
94139
94131
94116
94102
94088
94062
94058
94052
94051
94046
94038
94026
94003
94002
94001
93992
93991
93986
93970
93967
93949
93935
93930
93923
93914
93896
93892
93890
93886
93879
93871
93871
93864
93863
93862
93851
93847
93833
93820
93805
93805
93796
93788
93781
93776
93772
93767
93747
93739
93730
93698
93692
93684
93658
93656
93645
93645
93642
93630
93622
93604
93595
93591
93582
93567
93565
93555
93542
93540
93536
93507
93502
93477
93476
93472
93460
93440
93376
93368
93350
93346
93345
93310
93262
93257
93256
93256
93248
93230
93221
93221
93213
93210
93207
93201
93191
93175
93162
93145
93138
93124
93114
93108
93106
93106
93079
93075
93063
93046
93030
93010
92993
92993
92992
92990
92989
92968
92964
92960
92953
92950
92938
92931
92909
92868
92862
92862
92854
92838
92836
92805
92798
92798
92795
92793
92778
92777
92774
92758
92754
92751
92749
92737
92707
92680
92669
92667
92649
92643
92638
92621
92618
92611
92600
92596
92596
92550
92548
92538
92525
92520
92510
92509
92474
92474
92468
92466
92456
92444
92440
92437
92429
92411
92408
92398
92385
92377
92373
92367
92333
92326
92325
92314
92312
92304
92299
92281
92278
92274
92258
92256
92240
92213
92198
92180
92174
92164
92153
92133
92118
92118
92112
92107
92091
92078
92059
92053
92051
92046
92039
92017
92010
92007
92004
91996
91979
91971
91966
91966
91955
91924
91916
91901
91867
91866
91859
91849
91840
91820
91816
91812
91795
91788
91784
91776
91749
91744
91742
91741
91729
91720
91719
91716
91714
91701
91697
91691
91674
91668
91654
91651
91645
91637
91634
91631
91620
91611
91593
91585
91568
91552
91466
91463
91457
91455
91454
91442
91414
91395
91377
91376
91371
91355
91353
91340
91323
91320
91309
91279
91274
91251
91230
91209
91207
91192
91183
91182
91168
91129
91127
91114
91095
91057
91043
91043
91042
91037
91030
91029
91017
91007
91006
90995
90992
90978
90976
90974
90966
90956
90943
90941
90929
90928
90919
90919
90909
90902
90902
90878
90837
90834
90805
90782
90778
90771
90770
90757
90748
90744
90744
90739
90727
90726
90722
90707
90703
90701
90694
90688
90684
90660
90659
90658
90653
90638
90628
90622
90613
90601
90599
90599
90598
90598
90596
90595
90569
90530
90518
90513
90510
90456
90438
90429
90422
90416
90411
90404
90402
90402
90385
90379
90373
90361
90357
90345
90345
90336
90336
90324
90315
90314
90296
90292
90292
90251
90227
90212
90198
90194
90157
90148
90146
90141
90141
90139
90127
90110
90094
90091
90082
90076
90061
90043
90040
90035
90021
89990
89989
89958
89946
89943
89934
89924
89901
89890
89887
89875
89874
89865
89853
89832
89824
89824
89801
89793
89781
89749
89740
89736
89713
89704
89702
89677
89661
89659
89630
89625
89618
89598
89589
89585
89560
89520
89509
89504
89487
89481
89476
89470
89452
89449
89426
89424
89424
89415
89408
89402
89396
89379
89374
89370
89356
89337
89337
89324
89298
89297
89255
89250
89248
89241
89230
89221
89214
89210
89194
89187
89185
89172
89132
89123
89113
89078
89070
89047
89042
89037
89029
88983
88980
88974
88973
88972
88963
88955
88951
88939
88921
88916
88911
88909
88886
88844
88837
88835
88834
88824
88816
88804
88767
88753
88747
88733
88723
88718
88696
88690
88682
88673
88671
88671
88634
88628
88621
88619
88610
88602
88588
88588
88575
88571
88568
88562
88528
88527
88507
88497
88495
88495
88489
88438
88438
88413
88408
88382
88380
88364
88357
88350
88344
88342
88335
88324
88323
88316
88311
88304
88287
88280
88278
88272
88246
88237
88233
88223
88222
88194
88192
88188
88186
88160
88159
88157
88153
88138
88134
88134
88129
88117
88116
88112
88096
88095
88067
88053
88048
88011
88011
88002
87992
87989
87987
87971
87970
87969
87959
87945
87943
87935
87933
87916
87915
87909
87906
87906
87905
87880
87877
87873
87843
87840
87834
87820
87814
87802
87782
87782
87766
87764
87743
87730
87727
87726
87724
87723
87717
87715
87714
87711
87697
87680
87653
87649
87643
87632
87625
87608
87599
87567
87566
87558
87539
87516
87505
87471
87471
87454
87429
87429
87428
87410
87401
87400
87395
87394
87378
87360
87357
87342
87314
87309
87299
87295
87270
87242
87240
87231
87229
87225
87213
87209
87206
87206
87204
87178
87157
87140
87117
87102
87078
87071
87071
87054
87052
87050
87011
86997
86990
86977
86967
86951
86951
86950
86933
86921
86900
86898
86895
86894
86889
86863
86842
86818
86814
86801
86794
86794
86794
86788
86777
86752
86746
86742
86714
86701
86690
86684
86673
86671
86670
86655
86644
86640
86638
86635
86634
86627
86624
86621
86607
86592
86564
86557
86531
86512
86512
86471
86457
86430
86425
86412
86402
86401
86400
86390
86361
86361
86349
86346
86342
86329
86320
86310
86305
86297
86282
86278
86245
86241
86181
86179
86173
86151
86134
86130
86130
86113
86112
86112
86096
86086
86074
86074
86067
86063
86056
86049
86037
86026
86021
86012
86007
85993
85992
85984
85974
85966
85961
85956
85954
85951
85948
85940
85935
85931
85921
85903
85900
85891
85885
85846
85834
85834
85833
85828
85822
85817
85812
85807
85795
85768
85760
85751
85743
85737
85733
85733
85726
85711
85694
85687
85684
85680
85673
85668
85644
85633
85631
85624
85611
85600
85594
85591
85582
85560
85547
85538
85538
85521
85519
85512
85510
85490
85419
85418
85418
85417
85405
85403
85383
85374
85358
85357
85348
85325
85299
85296
85292
85282
85272
85271
85260
85244
85237
85212
85211
85192
85174
85138
85134
85127
85124
85112
85091
85086
85081
85066
85045
85045
85020
85009
85008
84997
84974
84969
84964
84952
84949
84933
84912
84909
84897
84881
84857
84856
84849
84838
84836
84832
84789
84786
84780
84779
84771
84768
84762
84757
84728
84714
84706
84698
84698
84658
84654
84654
84653
84651
84629
84625
84611
84599
84574
84572
84569
84563
84559
84547
84481
84476
84471
84470
84465
84451
84444
84439
84428
84423
84373
84370
84367
84361
84355
84306
84281
84246
84245
84235
84221
84208
84179
84174
84169
84157
84119
84109
84105
84103
84047
84020
84013
83996
83980
83980
83978
83976
83958
83938
83932
83914
83903
83896
83883
83874
83868
83861
83855
83849
83846
83841
83807
83794
83788
83784
83759
83756
83751
83731
83728
83709
83703
83696
83679
83677
83666
83646
83636
83633
83630
83602
83600
83566
83544
83499
83495
83493
83486
83468
83460
83453
83440
83438
83425
83422
83420
83419
83400
83374
83364
83352
83352
83317
83301
83300
83288
83280
83263
83255
83253
83231
83225
83209
83201
83190
83164
83147
83144
83138
83137
83110
83108
83107
83097
83095
83094
83093
83087
83082
83066
83063
83053
83046
83030
83030
83007
83004
82990
82980
82971
82960
82951
82948
82929
82924
82919
82917
82887
82845
82843
82839
82833
82832
82825
82823
82819
82816
82815
82797
82790
82780
82776
82774
82767
82763
82760
82751
82738
82733
82717
82684
82681
82657
82628
82609
82595
82595
82586
82561
82519
82519
82510
82490
82481
82480
82479
82471
82459
82448
82432
82355
82343
82337
82323
82318
82314
82313
82295
82294
82280
82273
82263
82242
82241
82240
82239
82235
82233
82230
82229
82224
82214
82206
82187
82173
82169
82167
82163
82101
82090
82086
82085
82067
82065
82065
82058
82055
82054
82041
82028
82013
81992
81972
81969
81967
81942
81921
81921
81920
81909
81901
81862
81856
81843
81842
81840
81836
81834
81834
81833
81824
81819
81804
81790
81786
81782
81769
81769
81755
81739
81735
81700
81674
81663
81622
81617
81611
81604
81582
81582
81559
81543
81528
81526
81519
81506
81503
81503
81487
81485
81466
81440
81423
81387
81376
81375
81369
81367
81356
81353
81353
81348
81313
81309
81302
81302
81286
81267
81248
81248
81237
81236
81227
81227
81199
81196
81188
81179
81174
81168
81167
81146
81109
81103
81094
81090
81085
81052
81012
81007
80985
80977
80974
80970
80970
80968
80964
80962
80958
80944
80943
80936
80933
80920
80916
80907
80876
80870
80862
80847
80840
80832
80815
80808
80807
80801
80778
80756
80754
80751
80715
80673
80650
80648
80647
80637
80629
80628
80622
80601
80597
80596
80589
80584
80573
80560
80557
80549
80548
80536
80519
80491
80489
80477
80474
80436
80430
80428
80428
80402
80400
80395
80362
80355
80341
80333
80324
80300
80300
80287
80283
80281
80267
80266
80265
80264
80261
80261
80240
80239
80221
80210
80210
80204
80204
80195
80192
80186
80185
80179
80174
80172
80168
80159
80152
80145
80131
80128
80119
80116
80101
80099
80091
80083
80075
80072
80070
80058
80056
80042
80038
80029
80021
80013
80012
80001
79992
79978
79977
79972
79969
79961
79956
79936
79935
79923
79919
79897
79879
79873
79860
79847
79838
79826
79810
79808
79800
79756
79750
79747
79742
79736
79734
79731
79724
79707
79703
79700
79698
79690
79669
79651
79650
79649
79644
79630
79610
79566
79560
79560
79551
79550
79546
79541
79513
79510
79507
79497
79478
79460
79450
79439
79414
79411
79409
79408
79403
79403
79402
79382
79375
79370
79367
79345
79331
79324
79324
79312
79296
79296
79293
79255
79255
79246
79245
79238
79237
79219
79215
79214
79213
79208
79207
79185
79182
79158
79148
79119
79118
79113
79111
79094
79087
79058
79052
79039
79036
79030
79016
79004
78998
78996
78991
78972
78936
78932
78931
78914
78897
78895
78853
78845
78816
78815
78793
78786
78785
78769
78763
78758
78752
78751
78729
78725
78717
78710
78676
78676
78664
78663
78654
78648
78632
78615
78614
78601
78571
78566
78564
78544
78543
78525
78514
78507
78480
78474
78454
78436
78424
78418
78400
78390
78385
78380
78378
78369
78366
78360
78354
78352
78347
78318
78317
78311
78307
78297
78293
78280
78261
78247
78236
78236
78224
78210
78206
78205
78196
78193
78188
78187
78183
78172
78170
78163
78151
78150
78142
78122
78115
78112
78105
78095
78085
78080
78073
78057
78054
78052
78049
78036
78028
78027
78024
78020
78007
77989
77975
77970
77946
77945
77945
77940
77922
77909
77903
77883
77874
77871
77844
77840
77840
77835
77832
77799
77796
77784
77782
77775
77760
77746
77743
77742
77737
77732
77722
77718
77706
77671
77670
77657
77651
77648
77644
77639
77635
77628
77626
77598
77589
77584
77572
77560
77543
77532
77522
77498
77480
77473
77473
77463
77458
77430
77422
77420
77406
77403
77389
77373
77351
77343
77327
77322
77318
77317
77305
77291
77290
77251
77234
77231
77229
77218
77199
77189
77184
77177
77160
77153
77153
77150
77129
77125
77120
77119
77116
77114
77112
77107
77099
77096
77090
77089
77066
77058
77051
77051
77032
77021
76993
76973
76961
76956
76956
76952
76939
76934
76933
76918
76916
76864
76855
76855
76854
76852
76847
76796
76795
76795
76789
76788
76780
76770
76755
76748
76719
76698
76668
76663
76643
76639
76637
76617
76614
76611
76591
76574
76558
76553
76550
76547
76547
76544
76536
76534
76521
76515
76509
76507
76491
76475
76445
76444
76443
76436
76424
76408
76407
76392
76377
76366
76356
76339
76326
76319
76316
76305
76278
76265
76264
76251
76249
76247
76247
76243
76214
76190
76127
76125
76117
76077
76076
76074
76073
76061
76050
76046
76023
76011
76000
75994
75991
75985
75982
75980
75975
75972
75930
75923
75871
75850
75848
75847
75845
75840
75819
75813
75812
75791
75788
75780
75772
75770
75765
75750
75748
75739
75728
75719
75704
75703
75699
75685
75681
75655
75645
75628
75626
75598
75584
75580
75580
75577
75574
75564
75561
75546
75544
75539
75526
75524
75524
75520
75498
75491
75488
75478
75477
75472
75469
75461
75457
75437
75416
75411
75408
75396
75385
75385
75380
75330
75324
75315
75312
75305
75219
75216
75214
75207
75195
75187
75174
75170
75163
75160
75157
75146
75146
75141
75127
75091
75091
75079
75053
75044
75043
75032
75029
75024
75020
75017
75012
74982
74975
74947
74944
74933
74929
74924
74920
74917
74914
74912
74879
74871
74860
74857
74850
74849
74838
74831
74824
74819
74815
74813
74810
74809
74799
74798
74793
74773
74770
74762
74749
74744
74743
74734
74731
74728
74702
74659
74656
74656
74647
74622
74613
74588
74578
74558
74558
74553
74540
74523
74521
74515
74494
74476
74472
74452
74446
74431
74427
74410
74385
74383
74379
74373
74350
74330
74329
74301
74292
74291
74290
74288
74269
74262
74261
74260
74254
74248
74234
74231
74221
74207
74206
74186
74174
74173
74173
74169
74168
74147
74116
74115
74107
74102
74062
74062
74061
74055
74034
74013
74011
74000
73995
73995
73995
73993
73980
73970
73952
73948
73946
73901
73884
73851
73850
73816
73802
73770
73766
73757
73756
73738
73734
73732
73727
73710
73699
73677
73669
73662
73661
73656
73643
73638
73630
73620
73607
73605
73603
73596
73594
73589
73583
73574
73560
73553
73551
73540
73539
73524
73520
73520
73515
73514
73511
73503
73494
73493
73465
73454
73424
73420
73403
73359
73355
73347
73342
73333
73331
73327
73314
73309
73302
73288
73267
73244
73239
73230
73226
73211
73204
73203
73200
73189
73187
73175
73171
73146
73142
73136
73129
73118
73097
73097
73091
73091
73065
73061
73029
73016
73015
73011
73002
73000
72986
72982
72975
72972
72970
72964
72951
72939
72933
72899
72895
72887
72884
72877
72873
72860
72847
72844
72844
72837
72788
72761
72757
72756
72749
72737
72734
72726
72713
72700
72689
72680
72680
72680
72662
72660
72652
72644
72609
72608
72571
72570
72561
72550
72527
72499
72492
72492
72468
72464
72456
72454
72450
72447
72440
72432
72423
72407
72375
72366
72365
72350
72349
72338
72329
72328
72327
72316
72315
72310
72302
72277
72230
72228
72190
72157
72135
72096
72090
72089
72076
72061
72030
72027
72005
71992
71974
71967
71958
71939
71938
71937
71914
71912
71907
71907
71873
71858
71854
71843
71839
71805
71801
71751
71746
71741
71733
71729
71721
71713
71710
71674
71669
71668
71646
71625
71615
71611
71592
71572
71557
71543
71543
71540
71531
71531
71529
71520
71517
71510
71502
71499
71498
71475
71455
71448
71440
71416
71413
71407
71402
71393
71390
71389
71374
71372
71359
71347
71338
71335
71333
71330
71325
71303
71284
71243
71240
71235
71228
71227
71203
71195
71194
71168
71162
71130
71098
71093
71070
71066
71055
71036
71013
71005
71001
70987
70983
70982
70964
70937
70893
70873
70872
70860
70858
70829
70825
70810
70800
70798
70781
70780
70780
70758
70748
70738
70735
70726
70722
70721
70709
70700
70682
70676
70675
70655
70652
70632
70631
70612
70586
70582
70574
70570
70566
70564
70558
70539
70517
70478
70477
70476
70457
70456
70451
70450
70448
70447
70443
70435
70423
70423
70408
70381
70374
70373
70348
70322
70319
70317
70304
70292
70288
70282
70254
70246
70243
70237
70236
70231
70231
70217
70211
70192
70191
70184
70177
70169
70165
70123
70098
70085
70085
70080
70063
70055
70053
70027
70025
70012
70011
69988
69969
69967
69954
69952
69935
69930
69928
69925
69904
69904
69888
69888
69849
69839
69810
69804
69798
69793
69765
69753
69744
69736
69726
69726
69719
69699
69667
69656
69651
69651
69648
69647
69632
69627
69624
69620
69586
69581
69577
69576
69574
69562
69548
69532
69528
69522
69521
69516
69516
69514
69502
69495
69470
69462
69461
69428
69422
69413
69397
69381
69374
69358
69351
69330
69323
69320
69317
69316
69292
69283
69274
69269
69264
69259
69235
69231
69188
69167
69167
69166
69166
69162
69159
69159
69156
69145
69145
69144
69143
69141
69130
69125
69123
69120
69109
69050
69018
69010
69005
69005
68999
68993
68979
68971
68966
68963
68957
68938
68932
68929
68914
68903
68899
68887
68873
68873
68844
68833
68827
68811
68810
68803
68790
68786
68784
68777
68762
68722
68720
68716
68713
68703
68693
68676
68655
68645
68645
68643
68581
68577
68540
68533
68522
68506
68501
68500
68495
68494
68475
68468
68461
68442
68426
68424
68405
68387
68351
68348
68341
68307
68243
68242
68241
68233
68231
68226
68202
68194
68186
68169
68153
68136
68101
68088
68086
68076
68066
68065
68063
68057
68044
68019
68014
68011
68007
67972
67956
67946
67932
67932
67917
67912
67882
67881
67868
67861
67860
67838
67827
67826
67820
67804
67797
67776
67768
67761
67749
67743
67731
67723
67720
67718
67717
67705
67689
67687
67676
67675
67670
67668
67665
67660
67653
67652
67642
67631
67625
67623
67621
67617
67612
67605
67562
67557
67556
67553
67547
67530
67524
67522
67516
67510
67498
67469
67465
67461
67451
67405
67380
67364
67356
67334
67317
67316
67311
67299
67297
67287
67265
67260
67255
67228
67225
67199
67198
67197
67182
67182
67174
67157
67141
67123
67120
67106
67072
67072
67036
67021
67014
67011
67001
66998
66997
66993
66980
66969
66969
66969
66967
66964
66959
66950
66939
66930
66925
66910
66905
66903
66903
66894
66869
66865
66856
66843
66834
66823
66805
66788
66786
66774
66771
66764
66761
66754
66731
66684
66654
66653
66648
66611
66600
66592
66587
66575
66539
66535
66526
66523
66489
66483
66453
66449
66448
66433
66428
66417
66415
66409
66401
66387
66376
66355
66349
66348
66339
66332
66327
66324
66321
66321
66314
66313
66308
66305
66296
66295
66281
66271
66265
66256
66248
66234
66221
66202
66184
66181
66159
66154
66127
66122
66104
66100
66088
66088
66085
66073
66060
66058
66037
66025
66022
66006
66005
65994
65984
65980
65979
65978
65972
65960
65951
65950
65945
65924
65918
65887
65870
65839
65834
65834
65833
65825
65820
65817
65811
65805
65803
65799
65786
65777
65770
65759
65741
65718
65703
65699
65690
65684
65684
65665
65654
65642
65629
65620
65609
65607
65604
65592
65582
65581
65578
65573
65563
65558
65556
65553
65548
65547
65536
65536
65536
65515
65501
65490
65488
65483
65451
65445
65437
65419
65408
65403
65402
65397
65395
65387
65384
65380
65370
65344
65328
65313
65307
65275
65273
65272
65271
65254
65246
65242
65239
65221
65175
65169
65150
65149
65145
65143
65143
65143
65142
65136
65135
65132
65131
65118
65096
65094
65068
65056
65034
65017
65014
65008
64994
64952
64943
64934
64930
64924
64915
64909
64899
64879
64878
64866
64851
64847
64843
64793
64783
64774
64760
64757
64752
64747
64738
64737
64735
64729
64727
64726
64723
64699
64692
64685
64682
64677
64677
64653
64640
64631
64629
64617
64611
64602
64590
64571
64570
64567
64566
64551
64546
64537
64535
64534
64518
64512
64509
64509
64492
64492
64492
64491
64488
64483
64476
64470
64469
64457
64454
64451
64429
64416
64410
64396
64395
64395
64394
64368
64323
64318
64309
64308
64300
64285
64284
64283
64277
64274
64273
64273
64272
64266
64257
64250
64242
64240
64236
64232
64221
64214
64211
64201
64192
64192
64181
64177
64158
64146
64140
64136
64120
64107
64081
64062
64019
64018
64008
63996
63993
63992
63990
63983
63970
63941
63938
63938
63919
63913
63909
63899
63897
63891
63877
63864
63860
63857
63847
63825
63819
63819
63814
63800
63792
63788
63786
63776
63775
63756
63754
63741
63733
63723
63715
63707
63672
63659
63659
63648
63643
63627
63624
63616
63610
63608
63603
63591
63583
63581
63574
63567
63566
63561
63560
63553
63550
63541
63536
63534
63533
63496
63471
63467
63457
63439
63432
63416
63396
63382
63357
63353
63352
63327
63309
63303
63259
63257
63248
63239
63217
63216
63212
63210
63186
63180
63174
63174
63173
63159
63154
63143
63140
63140
63120
63116
63113
63053
63051
63045
63035
63034
63006
63004
62980
62979
62978
62978
62967
62955
62949
62945
62925
62924
62918
62913
62908
62906
62905
62898
62878
62865
62864
62849
62836
62829
62816
62803
62801
62768
62765
62763
62746
62737
62725
62721
62717
62709
62706
62695
62690
62686
62684
62659
62629
62617
62606
62587
62586
62585
62578
62564
62558
62555
62545
62541
62529
62516
62514
62508
62477
62470
62455
62453
62420
62405
62402
62389
62387
62380
62376
62375
62364
62352
62343
62328
62328
62328
62311
62304
62295
62295
62294
62268
62265
62262
62256
62247
62245
62230
62176
62165
62157
62147
62137
62105
62082
62072
62062
62060
62058
62054
62027
62022
61972
61969
61950
61941
61902
61902
61901
61900
61891
61885
61881
61868
61862
61849
61841
61839
61827
61810
61795
61784
61778
61767
61726
61703
61664
61659
61653
61642
61642
61632
61608
61606
61580
61576
61568
61545
61542
61541
61531
61525
61515
61510
61507
61456
61447
61443
61408
61405
61400
61394
61370
61363
61347
61324
61323
61290
61286
61284
61284
61272
61265
61262
61261
61258
61258
61257
61251
61220
61216
61208
61169
61163
61163
61152
61143
61140
61137
61090
61078
61067
61060
61059
61037
61031
61028
61016
61014
61004
60990
60973
60970
60966
60960
60954
60946
60944
60943
60943
60939
60924
60919
60918
60895
60869
60864
60849
60847
60843
60835
60826
60807
60800
60794
60790
60782
60776
60776
60748
60738
60726
60723
60720
60703
60696
60680
60675
60670
60656
60641
60638
60631
60626
60625
60606
60579
60560
60558
60556
60553
60552
60520
60515
60510
60510
60507
60506
60501
60494
60478
60475
60472
60453
60442
60437
60424
60409
60407
60406
60403
60398
60394
60377
60367
60333
60323
60317
60308
60307
60302
60270
60265
60253
60234
60200
60186
60184
60167
60158
60156
60126
60088
60076
60070
60057
60055
60036
60035
60024
60023
60022
60017
59983
59981
59981
59980
59978
59967
59946
59941
59939
59920
59907
59907
59886
59885
59871
59863
59858
59856
59853
59825
59792
59791
59788
59782
59782
59780
59770
59758
59749
59740
59739
59728
59686
59681
59673
59673
59670
59659
59658
59632
59624
59620
59613
59607
59588
59564
59556
59527
59525
59523
59500
59466
59461
59443
59423
59417
59394
59382
59375
59354
59329
59327
59322
59318
59314
59313
59305
59298
59293
59292
59260
59259
59259
59231
59221
59219
59213
59206
59199
59189
59176
59172
59143
59129
59105
59097
59081
59080
59063
59049
59039
59037
59006
59003
59003
58975
58967
58961
58940
58937
58916
58901
58891
58890
58862
58836
58834
58829
58825
58814
58785
58784
58778
58762
58739
58739
58735
58729
58724
58699
58695
58676
58661
58658
58649
58642
58632
58619
58616
58607
58607
58599
58581
58579
58559
58519
58505
58499
58493
58483
58479
58473
58465
58460
58458
58453
58448
58419
58403
58399
58394
58392
58391
58383
58379
58379
58361
58360
58354
58337
58337
58334
58327
58327
58323
58306
58305
58301
58285
58280
58277
58267
58258
58255
58243
58239
58205
58199
58195
58194
58163
58155
58146
58139
58137
58128
58115
58113
58093
58064
58061
58054
58048
58024
58018
58005
57989
57980
57969
57953
57945
57920
57909
57898
57897
57892
57891
57872
57855
57817
57789
57785
57771
57761
57752
57745
57728
57725
57682
57661
57657
57654
57640
57639
57622
57605
57600
57591
57576
57573
57569
57563
57549
57532
57525
57509
57503
57499
57495
57475
57452
57434
57430
57419
57418
57413
57408
57399
57394
57370
57357
57352
57336
57333
57323
57322
57296
57293
57275
57271
57267
57257
57256
57253
57252
57203
57199
57184
57182
57180
57180
57158
57149
57143
57130
57108
57108
57105
57088
57072
57061
57060
57050
57042
57031
57014
57013
57007
57003
57000
56994
56989
56977
56972
56966
56960
56946
56935
56923
56916
56912
56907
56903
56900
56899
56885
56885
56883
56873
56871
56867
56847
56844
56838
56795
56774
56750
56747
56745
56741
56732
56700
56688
56687
56674
56670
56663
56656
56643
56638
56627
56608
56575
56565
56552
56550
56533
56512
56486
56474
56458
56447
56446
56440
56418
56399
56391
56361
56333
56333
56324
56316
56312
56305
56300
56298
56249
56247
56244
56240
56240
56232
56190
56190
56168
56147
56135
56125
56121
56115
56103
56100
56090
56081
56080
56078
56069
56068
56064
56051
56033
56016
56013
55977
55975
55955
55946
55940
55921
55890
55854
55833
55784
55780
55757
55755
55745
55739
55738
55737
55731
55727
55721
55719
55717
55702
55688
55682
55673
55668
55658
55648
55641
55623
55620
55620
55615
55609
55600
55600
55596
55583
55583
55579
55577
55566
55564
55561
55561
55561
55559
55549
55547
55540
55533
55508
55507
55477
55475
55465
55461
55461
55458
55441
55412
55402
55400
55389
55388
55385
55384
55340
55330
55320
55319
55315
55296
55296
55295
55278
55263
55258
55256
55255
55246
55242
55241
55237
55235
55217
55205
55205
55201
55186
55176
55168
55167
55166
55123
55096
55088
55060
55054
55048
55029
55024
55015
55001
54993
54959
54922
54910
54895
54882
54864
54857
54842
54841
54838
54832
54829
54811
54808
54798
54793
54790
54781
54780
54758
54735
54723
54701
54683
54665
54614
54613
54610
54596
54596
54592
54584
54581
54545
54543
54539
54529
54527
54517
54516
54514
54511
54501
54495
54493
54490
54490
54440
54438
54437
54387
54356
54354
54341
54332
54327
54323
54296
54285
54258
54258
54255
54254
54252
54251
54219
54218
54211
54191
54180
54171
54171
54153
54136
54134
54124
54121
54081
54080
54063
54060
54054
54039
54035
54035
54026
54013
54010
54002
53998
53997
53996
53996
53973
53972
53970
53968
53958
53956
53947
53926
53924
53910
53890
53886
53881
53881
53876
53856
53846
53838
53836
53832
53823
53820
53816
53813
53804
53779
53770
53767
53763
53753
53748
53745
53730
53712
53689
53684
53651
53651
53645
53610
53597
53578
53576
53539
53537
53512
53505
53504
53482
53478
53464
53457
53452
53442
53434
53413
53406
53365
53352
53348
53339
53296
53286
53284
53279
53260
53232
53228
53209
53197
53190
53178
53151
53149
53130
53111
53107
53099
53079
53078
53073
53068
53057
53056
53043
53036
53028
53027
53015
53008
52995
52983
52980
52975
52961
52938
52936
52905
52901
52891
52888
52879
52873
52861
52858
52856
52855
52854
52854
52849
52847
52845
52831
52824
52823
52820
52817
52806
52801
52776
52773
52761
52743
52725
52711
52703
52695
52692
52690
52682
52668
52667
52658
52651
52650
52646
52645
52625
52610
52598
52595
52591
52590
52585
52582
52562
52554
52537
52535
52522
52504
52499
52488
52487
52466
52466
52443
52431
52427
52417
52384
52376
52363
52357
52353
52350
52346
52336
52333
52327
52312
52310
52299
52290
52288
52272
52264
52257
52234
52233
52228
52215
52205
52182
52144
52137
52127
52125
52100
52097
52087
52075
52070
52059
52048
52000
51996
51988
51984
51982
51981
51974
51970
51968
51945
51932
51885
51884
51870
51868
51860
51859
51857
51812
51798
51795
51792
51783
51782
51781
51777
51775
51771
51768
51754
51730
51723
51719
51718
51708
51704
51700
51693
51693
51677
51671
51649
51614
51611
51601
51585
51576
51575
51569
51569
51564
51551
51545
51540
51533
51511
51510
51509
51502
51499
51496
51464
51463
51449
51444
51421
51420
51419
51418
51413
51405
51395
51375
51374
51374
51361
51341
51334
51334
51329
51325
51312
51308
51306
51301
51295
51276
51259
51258
51242
51240
51233
51232
51210
51210
51202
51193
51181
51176
51174
51147
51127
51099
51079
51062
51055
51044
51043
51021
51006
51005
50998
50994
50977
50976
50974
50964
50956
50954
50945
50938
50922
50907
50902
50883
50855
50855
50853
50836
50820
50819
50817
50804
50803
50801
50788
50782
50781
50780
50775
50770
50758
50750
50747
50746
50740
50739
50737
50732
50728
50716
50683
50664
50663
50658
50654
50639
50620
50597
50584
50574
50563
50558
50550
50508
50498
50494
50478
50474
50461
50445
50414
50404
50388
50387
50385
50377
50370
50365
50358
50345
50331
50323
50308
50308
50288
50280
50272
50242
50235
50223
50193
50171
50167
50159
50159
50148
50144
50143
50136
50130
50124
50119
50100
50096
50088
50087
50082
50068
50068
50068
50052
50047
50040
50017
50003
50000
49995
49988
49972
49968
49967
49948
49941
49929
49922
49915
49906
49881
49875
49875
49869
49869
49848
49843
49838
49821
49800
49795
49789
49787
49783
49775
49712
49705
49700
49681
49679
49676
49667
49655
49651
49651
49650
49633
49624
49622
49621
49609
49606
49598
49595
49593
49571
49571
49569
49561
49561
49537
49530
49528
49515
49501
49469
49464
49454
49450
49449
49436
49428
49414
49405
49403
49395
49386
49381
49380
49375
49373
49368
49367
49342
49314
49308
49286
49255
49248
49242
49241
49235
49225
49222
49211
49207
49198
49194
49166
49152
49142
49140
49113
49088
49086
49085
49074
49060
49058
49054
49053
49048
49021
49011
48999
48999
48998
48990
48989
48984
48982
48974
48965
48961
48955
48924
48924
48922
48919
48906
48886
48879
48862
48845
48834
48822
48811
48807
48794
48786
48782
48762
48761
48736
48733
48726
48696
48665
48661
48660
48654
48652
48647
48642
48642
48639
48638
48636
48623
48618
48613
48609
48605
48603
48601
48595
48588
48582
48568
48556
48547
48539
48536
48532
48517
48515
48511
48506
48502
48498
48488
48484
48484
48481
48476
48473
48464
48458
48440
48429
48414
48412
48411
48408
48406
48397
48396
48392
48391
48376
48370
48356
48348
48341
48334
48323
48311
48309
48303
48292
48256
48255
48250
48242
48237
48203
48203
48194
48180
48153
48146
48139
48138
48130
48126
48119
48116
48116
48115
48107
48105
48081
48076
48072
48058
48047
48028
48020
48010
47989
47984
47982
47962
47960
47956
47896
47861
47860
47854
47851
47847
47832
47831
47824
47815
47806
47804
47766
47750
47724
47693
47677
47658
47643
47625
47620
47619
47595
47595
47585
47561
47559
47556
47549
47535
47529
47526
47520
47508
47488
47480
47453
47427
47426
47424
47399
47377
47374
47358
47351
47351
47333
47318
47305
47285
47285
47254
47210
47199
47198
47176
47169
47134
47127
47126
47123
47119
47111
47108
47073
47065
47024
46963
46962
46936
46918
46907
46898
46886
46875
46872
46864
46856
46852
46847
46845
46836
46814
46803
46794
46792
46790
46789
46786
46785
46767
46760
46754
46736
46728
46700
46693
46692
46687
46671
46665
46664
46651
46633
46628
46622
46615
46608
46607
46592
46546
46542
46529
46521
46519
46511
46503
46487
46475
46471
46458
46457
46446
46439
46430
46425
46391
46384
46355
46331
46323
46317
46300
46295
46287
46287
46286
46273
46271
46266
46263
46252
46233
46220
46218
46193
46175
46173
46170
46153
46135
46092
46091
46089
46086
46073
46060
46059
46045
46034
46018
46012
46007
45984
45978
45977
45958
45955
45943
45936
45934
45930
45922
45894
45878
45875
45869
45861
45837
45837
45831
45820
45792
45789
45787
45764
45746
45744
45742
45738
45736
45730
45716
45695
45685
45670
45668
45666
45650
45644
45643
45615
45609
45590
45586
45582
45551
45548
45538
45537
45525
45519
45517
45516
45504
45490
45485
45468
45462
45455
45453
45435
45391
45380
45378
45377
45356
45354
45347
45341
45326
45313
45281
45279
45276
45273
45267
45254
45235
45220
45217
45216
45215
45210
45197
45184
45172
45157
45154
45150
45145
45132
45093
45085
45081
45078
45067
45064
45063
45057
45049
45049
45033
45018
45002
44993
44981
44978
44973
44967
44954
44942
44927
44920
44917
44916
44912
44901
44881
44880
44880
44877
44876
44866
44864
44859
44856
44853
44847
44845
44839
44835
44819
44818
44815
44815
44796
44786
44781
44780
44776
44765
44750
44740
44737
44735
44731
44726
44706
44699
44696
44688
44688
44682
44673
44664
44658
44608
44605
44597
44592
44590
44583
44569
44568
44568
44567
44565
44554
44549
44546
44541
44539
44517
44503
44501
44490
44486
44480
44479
44467
44440
44393
44381
44380
44374
44371
44357
44355
44347
44338
44313
44298
44280
44269
44261
44258
44252
44248
44247
44224
44215
44195
44190
44170
44168
44157
44150
44138
44115
44113
44108
44074
44073
44052
44023
44021
44012
43995
43986
43986
43983
43975
43975
43971
43967
43965
43946
43943
43931
43931
43929
43925
43918
43915
43891
43881
43862
43858
43853
43851
43839
43830
43825
43820
43801
43758
43756
43717
43716
43702
43684
43678
43674
43673
43670
43665
43648
43642
43630
43627
43612
43593
43576
43528
43523
43519
43482
43455
43449
43449
43447
43447
43446
43435
43422
43420
43418
43417
43410
43408
43399
43392
43387
43383
43372
43356
43355
43335
43331
43297
43270
43264
43245
43243
43236
43206
43196
43183
43176
43151
43147
43140
43133
43125
43096
43094
43093
43077
43066
43057
43054
43045
43038
43001
42970
42910
42902
42874
42868
42859
42856
42847
42829
42828
42825
42820
42814
42814
42782
42779
42769
42741
42741
42739
42715
42702
42687
42673
42673
42668
42661
42660
42654
42640
42631
42622
42604
42602
42601
42596
42583
42578
42575
42561
42557
42554
42538
42528
42497
42496
42465
42459
42455
42447
42433
42419
42417
42402
42382
42379
42357
42356
42343
42320
42317
42288
42267
42262
42254
42251
42239
42226
42224
42221
42218
42212
42196
42195
42182
42172
42169
42156
42141
42136
42131
42120
42112
42111
42095
42072
42041
42028
42024
42023
42012
42009
41967
41933
41925
41920
41914
41893
41880
41853
41852
41831
41817
41815
41813
41802
41800
41793
41783
41760
41755
41743
41741
41737
41735
41725
41681
41680
41675
41667
41660
41643
41632
41631
41613
41612
41611
41590
41589
41573
41570
41566
41532
41486
41480
41472
41471
41469
41441
41432
41431
41426
41417
41415
41412
41396
41395
41393
41389
41386
41379
41364
41357
41348
41344
41322
41312
41299
41287
41278
41248
41247
41241
41207
41187
41187
41171
41171
41161
41137
41133
41124
41121
41118
41116
41114
41095
41091
41066
41063
41059
41055
41020
41016
41012
40994
40975
40962
40958
40951
40927
40927
40922
40910
40904
40897
40878
40856
40846
40829
40820
40811
40809
40805
40796
40792
40790
40785
40783
40783
40773
40768
40755
40752
40750
40733
40710
40701
40695
40679
40678
40676
40672
40648
40638
40631
40626
40606
40578
40561
40559
40549
40547
40540
40517
40503
40502
40500
40498
40495
40487
40486
40479
40467
40454
40452
40452
40449
40443
40441
40436
40422
40419
40405
40393
40391
40387
40385
40368
40363
40354
40350
40350
40321
40319
40312
40311
40297
40293
40283
40274
40246
40227
40227
40217
40203
40202
40189
40188
40178
40170
40170
40162
40161
40151
40137
40137
40125
40124
40121
40109
40109
40103
40091
40061
40052
40050
40043
40040
40032
40002
40001
39984
39984
39983
39981
39981
39963
39957
39950
39949
39928
39928
39922
39915
39898
39865
39846
39841
39839
39807
39799
39786
39780
39777
39770
39760
39760
39759
39748
39739
39721
39715
39712
39694
39678
39656
39636
39609
39604
39597
39594
39574
39542
39537
39528
39516
39509
39508
39470
39449
39433
39426
39422
39418
39412
39408
39384
39384
39369
39368
39352
39349
39336
39336
39330
39313
39302
39295
39281
39281
39277
39273
39267
39248
39238
39231
39222
39205
39202
39200
39190
39177
39148
39136
39130
39112
39108
39106
39102
39098
39096
39085
39081
39056
39041
39021
39020
38994
38978
38977
38967
38960
38938
38925
38916
38905
38870
38869
38844
38843
38834
38823
38810
38799
38757
38752
38744
38737
38720
38705
38677
38666
38658
38630
38626
38623
38618
38597
38593
38591
38590
38586
38579
38575
38573
38564
38561
38538
38521
38519
38504
38501
38498
38490
38488
38482
38480
38441
38413
38412
38389
38385
38365
38316
38306
38254
38249
38233
38226
38213
38195
38188
38170
38160
38157
38150
38146
38141
38136
38112
38104
38081
38047
38035
38033
38026
38024
38019
37989
37983
37963
37962
37956
37956
37940
37924
37922
37909
37908
37890
37890
37888
37887
37882
37872
37871
37870
37865
37855
37852
37842
37829
37825
37814
37810
37804
37765
37755
37746
37743
37730
37709
37704
37687
37683
37659
37651
37637
37620
37611
37597
37597
37575
37571
37570
37570
37566
37562
37556
37549
37547
37508
37495
37479
37462
37461
37455
37445
37445
37439
37429
37414
37411
37391
37390
37382
37373
37372
37370
37365
37361
37359
37346
37341
37341
37340
37323
37311
37294
37268
37242
37229
37228
37212
37205
37202
37197
37180
37179
37178
37171
37162
37122
37120
37091
37090
37081
37076
37060
37045
37033
37031
37030
37030
37030
37012
37012
37009
37000
36996
36983
36975
36954
36946
36938
36923
36922
36918
36918
36913
36903
36897
36869
36868
36865
36843
36825
36803
36791
36785
36772
36767
36760
36749
36738
36734
36713
36709
36697
36690
36674
36673
36658
36642
36637
36604
36600
36592
36569
36566
36534
36515
36495
36484
36482
36481
36470
36467
36458
36437
36424
36392
36384
36376
36373
36347
36341
36318
36313
36312
36309
36300
36286
36269
36250
36239
36219
36215
36209
36187
36177
36167
36160
36147
36127
36124
36122
36101
36082
36079
36078
36075
36070
36067
36066
36065
36063
36045
36040
36018
36016
36014
36006
35997
35994
35990
35988
35984
35965
35960
35954
35953
35939
35908
35902
35901
35898
35876
35854
35846
35830
35826
35818
35816
35804
35798
35794
35756
35739
35732
35721
35709
35703
35686
35663
35660
35656
35654
35643
35639
35624
35623
35620
35614
35613
35611
35611
35598
35597
35587
35586
35585
35563
35557
35552
35551
35548
35543
35521
35482
35475
35471
35457
35453
35453
35449
35437
35428
35421
35381
35377
35375
35374
35369
35354
35342
35338
35325
35316
35304
35301
35301
35300
35291
35288
35276
35270
35265
35257
35252
35241
35240
35239
35225
35223
35221
35212
35209
35205
35204
35191
35184
35167
35146
35139
35138
35130
35129
35129
35108
35085
35081
35060
35058
35056
35053
35036
35026
35024
35015
35013
35008
35003
34996
34994
34984
34979
34974
34971
34958
34944
34935
34926
34923
34921
34917
34904
34883
34868
34830
34830
34820
34812
34811
34809
34807
34794
34792
34789
34781
34779
34778
34777
34751
34736
34735
34726
34723
34719
34719
34709
34699
34674
34649
34639
34638
34625
34598
34587
34586
34581
34528
34524
34507
34431
34430
34405
34386
34383
34377
34355
34354
34346
34332
34316
34285
34265
34256
34253
34197
34192
34178
34170
34159
34153
34149
34147
34146
34112
34102
34100
34099
34088
34085
34077
34075
34021
33978
33965
33961
33956
33955
33949
33948
33943
33938
33933
33919
33917
33913
33906
33890
33886
33886
33881
33868
33860
33841
33827
33820
33819
33804
33802
33800
33781
33778
33767
33761
33755
33745
33744
33718
33717
33709
33700
33691
33685
33684
33677
33670
33659
33608
33593
33576
33560
33559
33541
33522
33520
33514
33488
33486
33482
33469
33464
33452
33440
33432
33431
33416
33412
33410
33410
33386
33376
33371
33360
33345
33342
33341
33330
33302
33284
33284
33283
33268
33261
33244
33242
33240
33238
33233
33221
33188
33172
33144
33101
33097
33092
33090
33084
33066
33063
33060
33032
33022
33007
32998
32990
32985
32985
32974
32951
32945
32943
32940
32936
32928
32925
32920
32920
32911
32905
32894
32867
32866
32844
32834
32832
32822
32795
32782
32777
32764
32748
32744
32744
32729
32729
32716
32676
32665
32664
32652
32628
32626
32625
32612
32604
32602
32600
32556
32542
32541
32534
32529
32526
32524
32505
32486
32483
32481
32480
32451
32443
32414
32383
32380
32374
32328
32324
32316
32307
32306
32297
32260
32259
32251
32247
32236
32231
32212
32193
32186
32183
32175
32171
32167
32158
32134
32126
32111
32091
32089
32083
32076
32073
32072
32058
32049
32034
32032
32023
32017
32010
31998
31986
31970
31953
31951
31948
31944
31926
31882
31874
31859
31851
31848
31842
31839
31838
31825
31825
31819
31817
31812
31777
31773
31768
31762
31759
31758
31755
31745
31731
31730
31723
31714
31707
31702
31697
31691
31691
31661
31657
31656
31642
31637
31629
31629
31624
31619
31619
31579
31579
31578
31577
31576
31567
31562
31559
31553
31547
31540
31532
31509
31498
31494
31492
31490
31471
31467
31460
31447
31436
31426
31411
31408
31404
31379
31374
31370
31369
31332
31330
31324
31322
31320
31316
31306
31301
31298
31292
31286
31285
31285
31281
31259
31227
31226
31204
31200
31199
31191
31188
31178
31167
31164
31140
31105
31097
31096
31086
31085
31084
31081
31069
31057
31055
31050
31049
31040
31007
31006
30992
30976
30968
30944
30929
30900
30895
30866
30852
30842
30796
30787
30786
30778
30775
30772
30770
30751
30742
30733
30730
30714
30714
30700
30697
30692
30678
30678
30673
30658
30652
30648
30647
30645
30642
30638
30633
30627
30619
30607
30606
30599
30599
30598
30596
30594
30593
30582
30571
30564
30554
30538
30483
30480
30475
30465
30464
30458
30452
30440
30435
30429
30428
30403
30393
30391
30362
30361
30357
30351
30344
30341
30340
30334
30330
30324
30322
30320
30318
30317
30313
30306
30306
30296
30276
30255
30234
30227
30218
30216
30207
30182
30177
30175
30172
30161
30119
30100
30098
30091
30085
30067
30064
30061
30044
30034
30027
30025
30024
30020
30015
30011
30005
29988
29982
29961
29961
29946
29943
29939
29936
29935
29928
29902
29897
29891
29861
29832
29817
29801
29799
29795
29787
29782
29778
29778
29769
29759
29750
29746
29745
29675
29633
29627
29589
29576
29553
29551
29547
29537
29523
29512
29504
29495
29491
29479
29456
29454
29453
29446
29440
29429
29428
29382
29380
29373
29323
29277
29263
29250
29249
29238
29229
29215
29211
29203
29198
29182
29156
29149
29141
29141
29139
29134
29132
29124
29120
29113
29112
29107
29104
29101
29089
29084
29072
29068
29067
29043
29018
29010
29009
28997
28993
28985
28970
28967
28967
28964
28962
28961
28960
28952
28939
28935
28934
28932
28920
28911
28882
28879
28877
28866
28853
28846
28841
28838
28836
28826
28816
28809
28799
28797
28788
28788
28779
28771
28764
28737
28734
28722
28718
28713
28707
28706
28704
28690
28683
28672
28632
28626
28582
28555
28499
28491
28491
28486
28477
28474
28460
28454
28451
28450
28444
28442
28439
28426
28421
28420
28410
28402
28402
28384
28370
28364
28363
28342
28339
28321
28313
28311
28309
28308
28291
28283
28274
28266
28263
28256
28254
28254
28248
28244
28244
28244
28239
28219
28204
28193
28192
28184
28183
28179
28158
28152
28140
28124
28110
28078
28074
28067
28059
28047
28043
28021
28017
28009
28007
27960
27947
27946
27922
27918
27895
27884
27878
27877
27869
27861
27848
27847
27840
27832
27806
27805
27786
27772
27712
27706
27702
27698
27681
27680
27638
27632
27621
27602
27597
27556
27554
27544
27540
27538
27535
27532
27497
27495
27477
27475
27466
27466
27459
27458
27433
27425
27404
27400
27384
27367
27360
27354
27348
27347
27345
27315
27303
27302
27296
27271
27270
27245
27242
27239
27226
27218
27211
27206
27185
27176
27159
27154
27153
27148
27146
27135
27128
27118
27098
27093
27086
27084
27080
27080
27075
27067
27066
27064
27053
27042
27037
27034
27022
26995
26994
26990
26983
26971
26931
26929
26928
26906
26905
26902
26900
26898
26895
26859
26847
26842
26832
26830
26796
26784
26779
26774
26766
26693
26682
26675
26674
26666
26650
26646
26626
26625
26607
26602
26588
26561
26558
26552
26536
26527
26526
26512
26490
26488
26485
26471
26451
26436
26427
26411
26407
26378
26361
26356
26324
26312
26281
26280
26271
26266
26262
26258
26237
26225
26223
26211
26207
26200
26200
26185
26177
26172
26171
26157
26155
26146
26146
26140
26134
26128
26121
26084
26072
26071
26060
26051
26049
26033
26029
26021
25984
25973
25965
25965
25955
25949
25944
25944
25937
25933
25931
25909
25906
25889
25879
25867
25833
25810
25802
25799
25797
25795
25787
25787
25785
25776
25738
25718
25678
25676
25674
25671
25668
25663
25655
25633
25629
25628
25609
25606
25581
25578
25575
25529
25526
25521
25517
25509
25477
25471
25466
25465
25464
25463
25454
25452
25441
25422
25417
25415
25410
25403
25368
25363
25346
25342
25341
25338
25329
25319
25317
25311
25311
25300
25298
25287
25282
25262
25253
25247
25239
25233
25203
25196
25195
25193
25170
25165
25150
25144
25115
25111
25109
25107
25107
25101
25097
25095
25090
25083
25080
25071
25070
25059
25058
25056
25042
25023
25014
25014
25009
25008
25006
25004
24990
24967
24964
24964
24957
24930
24901
24899
24891
24888
24886
24862
24841
24825
24821
24820
24818
24815
24811
24807
24802
24798
24791
24789
24769
24767
24758
24740
24728
24722
24697
24676
24674
24653
24650
24647
24640
24608
24604
24574
24571
24567
24557
24549
24527
24506
24498
24498
24494
24492
24487
24486
24479
24473
24471
24471
24469
24459
24457
24436
24433
24401
24396
24395
24392
24348
24339
24322
24295
24271
24271
24269
24250
24225
24214
24210
24204
24197
24182
24150
24149
24149
24143
24137
24136
24133
24120
24105
24094
24080
24073
24067
24050
24034
24021
24000
23997
23957
23942
23935
23924
23916
23914
23908
23892
23866
23864
23863
23838
23814
23813
23812
23774
23765
23763
23744
23741
23710
23687
23685
23671
23629
23623
23611
23607
23599
23596
23596
23593
23582
23581
23578
23577
23577
23576
23572
23557
23511
23495
23492
23488
23483
23465
23451
23436
23431
23430
23417
23377
23375
23366
23352
23344
23336
23329
23324
23323
23319
23309
23302
23298
23277
23267
23267
23261
23252
23247
23226
23206
23199
23197
23184
23183
23172
23154
23153
23141
23140
23139
23138
23112
23110
23108
23107
23105
23104
23087
23085
23083
23078
23072
23066
23047
23036
23032
23026
23017
23017
22976
22973
22959
22948
22924
22921
22909
22900
22892
22888
22886
22881
22878
22878
22878
22876
22850
22839
22799
22785
22781
22781
22780
22769
22767
22764
22748
22721
22715
22711
22705
22701
22677
22670
22658
22657
22656
22649
22637
22625
22609
22609
22603
22599
22586
22583
22579
22566
22566
22539
22519
22496
22492
22484
22481
22470
22453
22433
22431
22409
22373
22347
22340
22339
22331
22304
22298
22297
22296
22293
22289
22275
22274
22272
22268
22261
22255
22254
22247
22245
22243
22211
22197
22184
22172
22168
22167
22151
22132
22101
22088
22077
22071
22061
22046
22010
22004
22003
21995
21993
21983
21968
21964
21960
21957
21951
21938
21904
21901
21896
21891
21889
21886
21868
21863
21857
21857
21849
21832
21830
21822
21820
21800
21798
21788
21768
21756
21733
21721
21700
21674
21660
21658
21658
21643
21635
21631
21626
21622
21595
21582
21578
21565
21560
21541
21533
21526
21524
21505
21489
21478
21442
21440
21440
21424
21419
21414
21402
21377
21375
21352
21328
21323
21323
21323
21322
21305
21304
21303
21302
21289
21269
21265
21258
21258
21245
21244
21233
21224
21212
21211
21189
21189
21184
21178
21164
21158
21140
21135
21126
21114
21101
21087
21079
21063
21037
21019
21014
21010
20994
20966
20955
20952
20941
20912
20894
20888
20876
20876
20868
20830
20825
20813
20773
20771
20763
20761
20748
20747
20741
20739
20738
20735
20727
20721
20707
20692
20691
20690
20678
20673
20667
20636
20635
20607
20591
20560
20555
20546
20508
20497
20478
20471
20468
20445
20433
20380
20360
20331
20313
20289
20283
20282
20276
20267
20237
20228
20220
20216
20212
20211
20205
20203
20201
20201
20193
20189
20188
20183
20182
20150
20146
20125
20124
20120
20118
20116
20111
20091
20087
20082
20043
20040
20021
20014
20009
19996
19992
19968
19968
19966
19961
19958
19945
19943
19943
19931
19925
19911
19908
19892
19889
19882
19845
19811
19809
19801
19787
19770
19768
19763
19763
19759
19744
19743
19734
19726
19711
19702
19701
19693
19691
19688
19680
19666
19647
19646
19628
19626
19605
19597
19586
19568
19546
19537
19535
19530
19529
19495
19492
19444
19442
19426
19425
19421
19412
19411
19411
19387
19386
19377
19372
19369
19368
19363
19363
19362
19359
19357
19351
19348
19341
19336
19336
19328
19319
19310
19310
19302
19281
19279
19274
19268
19260
19236
19229
19198
19197
19182
19182
19177
19176
19167
19167
19162
19161
19157
19153
19140
19139
19129
19100
19099
19080
19015
19001
19001
19000
18999
18994
18994
18986
18985
18980
18963
18916
18913
18902
18901
18890
18888
18840
18836
18820
18796
18790
18784
18771
18765
18728
18726
18722
18721
18721
18717
18714
18711
18704
18691
18680
18674
18673
18671
18658
18629
18622
18621
18616
18596
18580
18578
18571
18558
18548
18526
18521
18499
18481
18477
18452
18446
18444
18434
18433
18431
18427
18421
18408
18385
18379
18379
18368
18350
18346
18340
18337
18311
18301
18298
18275
18274
18261
18256
18253
18251
18240
18240
18236
18229
18214
18213
18192
18179
18171
18159
18146
18132
18130
18125
18096
18091
18084
18072
18068
18068
18058
18046
18032
18027
18002
18000
17957
17941
17940
17931
17930
17902
17897
17887
17872
17824
17808
17803
17791
17746
17746
17739
17738
17736
17732
17724
17717
17715
17705
17695
17688
17672
17667
17658
17656
17650
17618
17606
17586
17561
17535
17526
17515
17459
17437
17430
17427
17412
17411
17396
17389
17375
17364
17359
17358
17352
17348
17346
17345
17342
17327
17317
17306
17302
17295
17293
17278
17272
17254
17233
17231
17211
17207
17198
17184
17180
17160
17150
17148
17147
17139
17135
17114
17106
17076
17072
17071
17049
17037
17031
17026
17008
16999
16993
16986
16978
16967
16963
16959
16959
16956
16952
16950
16949
16948
16927
16923
16921
16905
16898
16871
16856
16851
16851
16826
16814
16801
16798
16792
16783
16777
16766
16763
16731
16713
16699
16690
16683
16683
16664
16662
16655
16626
16603
16601
16598
16598
16587
16580
16572
16570
16560
16552
16548
16530
16530
16526
16525
16511
16494
16476
16467
16464
16457
16455
16438
16437
16423
16411
16410
16406
16387
16384
16378
16361
16361
16361
16348
16337
16330
16326
16315
16299
16298
16293
16290
16271
16258
16245
16219
16213
16208
16207
16185
16183
16174
16165
16162
16148
16148
16145
16139
16131
16129
16112
16110
16108
16105
16084
16082
16079
16068
16065
16056
16055
16034
16030
16021
16020
16014
16012
15965
15942
15929
15926
15923
15911
15884
15882
15880
15873
15780
15770
15765
15757
15756
15748
15747
15746
15720
15716
15706
15693
15685
15674
15653
15652
15649
15640
15634
15629
15625
15621
15615
15614
15609
15593
15584
15571
15569
15569
15566
15565
15544
15540
15526
15511
15503
15500
15490
15471
15450
15441
15440
15419
15389
15382
15377
15361
15354
15351
15347
15327
15327
15308
15293
15262
15256
15234
15222
15216
15199
15192
15174
15172
15160
15154
15147
15133
15130
15118
15100
15094
15077
15063
15053
15034
15027
15020
15012
15008
14986
14979
14979
14945
14939
14891
14866
14822
14819
14816
14815
14801
14799
14797
14789
14788
14780
14775
14767
14764
14756
14752
14750
14737
14731
14713
14706
14705
14688
14683
14681
14678
14674
14662
14661
14642
14614
14607
14599
14588
14583
14561
14561
14552
14533
14507
14505
14480
14479
14465
14457
14432
14424
14421
14414
14395
14381
14381
14349
14347
14332
14330
14300
14288
14272
14251
14245
14244
14242
14232
14227
14223
14219
14213
14204
14203
14184
14178
14174
14168
14168
14166
14151
14144
14139
14138
14137
14135
14105
14080
14062
14051
14046
14026
14010
13985
13980
13972
13969
13953
13950
13946
13937
13914
13910
13903
13885
13878
13865
13837
13836
13817
13796
13763
13752
13751
13748
13744
13706
13702
13689
13687
13677
13663
13661
13658
13654
13637
13627
13619
13606
13599
13586
13585
13581
13575
13561
13554
13543
13520
13494
13482
13471
13471
13470
13468
13455
13427
13425
13425
13420
13409
13405
13397
13390
13384
13372
13356
13335
13320
13296
13290
13279
13269
13257
13241
13234
13233
13216
13211
13211
13202
13196
13181
13158
13145
13142
13124
13121
13105
13083
13082
13081
13080
13074
13055
13045
13024
13015
13011
13010
13006
13002
12989
12977
12964
12963
12955
12954
12951
12947
12946
12945
12931
12928
12926
12925
12918
12911
12910
12903
12903
12898
12896
12874
12865
12862
12852
12850
12846
12845
12821
12819
12818
12803
12802
12799
12788
12780
12776
12774
12773
12773
12747
12742
12727
12716
12703
12692
12656
12646
12639
12623
12621
12621
12618
12615
12609
12598
12582
12578
12563
12562
12557
12527
12522
12503
12488
12480
12443
12410
12408
12394
12386
12382
12379
12370
12369
12366
12361
12354
12344
12340
12323
12321
12320
12306
12301
12297
12278
12267
12267
12263
12262
12244
12243
12234
12232
12224
12212
12204
12186
12168
12167
12165
12101
12097
12095
12094
12049
12039
12031
12022
12001
11998
11994
11987
11987
11987
11972
11970
11936
11917
11900
11874
11873
11867
11862
11852
11846
11844
11842
11839
11812
11789
11746
11744
11744
11730
11724
11701
11700
11695
11693
11690
11670
11665
11657
11649
11631
11629
11620
11614
11613
11611
11601
11588
11585
11585
11566
11564
11560
11550
11550
11549
11531
11520
11516
11514
11488
11473
11471
11467
11461
11455
11454
11417
11397
11384
11383
11375
11369
11359
11350
11336
11321
11312
11301
11289
11282
11278
11273
11265
11260
11244
11202
11197
11183
11171
11162
11137
11131
11119
11105
11099
11089
11088
11084
11045
11040
11036
11033
11027
11015
11004
10999
10991
10974
10972
10963
10939
10937
10934
10934
10933
10920
10916
10856
10848
10826
10820
10809
10797
10786
10772
10768
10761
10758
10729
10727
10725
10699
10698
10687
10654
10652
10636
10635
10620
10611
10606
10597
10567
10549
10547
10539
10537
10536
10534
10508
10504
10503
10487
10487
10483
10480
10458
10457
10451
10441
10436
10419
10408
10403
10400
10388
10379
10376
10354
10353
10336
10335
10332
10329
10326
10292
10284
10278
10277
10266
10264
10264
10255
10248
10243
10220
10213
10208
10208
10207
10201
10198
10194
10194
10193
10190
10179
10170
10166
10156
10148
10147
10140
10134
10132
10107
10095
10091
10079
10066
10064
10061
10059
10054
10053
10032
10026
10017
10010
10005
10002
9999
9981
9975
9960
9949
9941
9934
9928
9927
9920
9915
9907
9887
9878
9877
9872
9872
9869
9858
9835
9814
9806
9802
9795
9789
9779
9777
9740
9733
9699
9665
9641
9617
9616
9615
9613
9611
9609
9609
9606
9604
9583
9580
9571
9569
9539
9503
9503
9499
9494
9492
9492
9476
9465
9446
9442
9432
9420
9414
9411
9401
9393
9383
9371
9362
9358
9351
9296
9282
9273
9237
9224
9216
9215
9214
9208
9192
9185
9180
9171
9161
9145
9145
9121
9114
9105
9095
9069
9056
9038
9031
9031
9030
9015
9003
8995
8984
8940
8935
8912
8911
8905
8858
8848
8847
8837
8815
8803
8801
8793
8788
8777
8766
8762
8761
8761
8761
8753
8739
8726
8704
8691
8690
8683
8645
8632
8631
8622
8612
8599
8585
8572
8568
8560
8559
8546
8542
8489
8486
8483
8482
8476
8474
8459
8429
8424
8423
8412
8398
8391
8368
8352
8337
8335
8324
8314
8313
8311
8295
8287
8271
8262
8240
8236
8233
8231
8220
8213
8213
8208
8203
8189
8171
8162
8159
8153
8149
8127
8117
8093
8092
8084
8081
8069
8060
8036
8027
8025
8018
7993
7988
7981
7978
7966
7962
7956
7955
7951
7946
7940
7919
7897
7893
7885
7885
7857
7838
7834
7831
7829
7806
7805
7787
7776
7736
7734
7721
7716
7707
7705
7704
7700
7678
7653
7635
7634
7633
7621
7616
7611
7606
7596
7579
7570
7565
7559
7556
7556
7552
7547
7542
7541
7535
7534
7512
7505
7504
7498
7498
7490
7489
7472
7453
7439
7437
7433
7430
7423
7423
7406
7394
7391
7387
7383
7349
7323
7316
7314
7313
7302
7299
7299
7298
7285
7274
7270
7268
7264
7236
7209
7208
7184
7181
7181
7180
7177
7161
7147
7137
7133
7119
7105
7102
7102
7092
7077
7071
7066
7055
7048
7031
6996
6988
6987
6980
6970
6955
6939
6936
6919
6911
6910
6898
6888
6887
6851
6849
6844
6826
6825
6819
6818
6817
6810
6805
6799
6768
6766
6760
6760
6755
6746
6730
6720
6708
6677
6667
6662
6658
6654
6652
6642
6642
6620
6612
6611
6602
6574
6573
6569
6568
6565
6555
6534
6533
6529
6521
6516
6502
6491
6482
6480
6443
6436
6431
6429
6426
6421
6421
6413
6386
6357
6352
6330
6322
6320
6307
6301
6291
6289
6268
6254
6236
6235
6229
6224
6201
6190
6163
6160
6158
6153
6137
6133
6128
6120
6113
6111
6111
6103
6100
6094
6093
6090
6077
6071
6070
6066
6059
6056
6055
6041
6040
6039
6037
6034
6007
6006
6005
6005
5986
5984
5982
5969
5965
5964
5960
5956
5948
5933
5931
5928
5913
5904
5874
5864
5860
5857
5855
5833
5808
5789
5777
5777
5777
5776
5772
5754
5749
5730
5694
5668
5665
5658
5656
5655
5622
5620
5613
5601
5579
5574
5568
5536
5522
5516
5511
5475
5469
5451
5444
5440
5439
5422
5415
5402
5388
5378
5357
5352
5349
5345
5335
5305
5290
5283
5252
5249
5213
5210
5208
5207
5200
5199
5196
5196
5193
5177
5170
5134
5087
5062
5057
5045
5043
5008
4995
4991
4988
4987
4985
4979
4963
4953
4943
4937
4907
4890
4885
4870
4838
4829
4823
4817
4807
4800
4786
4782
4771
4767
4753
4740
4734
4708
4705
4704
4698
4679
4678
4666
4649
4638
4630
4627
4622
4622
4610
4601
4570
4565
4550
4547
4543
4542
4539
4531
4524
4520
4514
4502
4484
4481
4476
4473
4468
4447
4443
4432
4431
4416
4392
4390
4366
4348
4339
4311
4303
4290
4273
4245
4240
4238
4236
4216
4214
4207
4204
4196
4189
4185
4182
4174
4172
4165
4144
4137
4133
4127
4124
4124
4111
4109
4108
4104
4099
4096
4075
4074
4070
4050
4050
4036
4030
4024
4015
4003
3995
3972
3963
3958
3953
3929
3913
3883
3880
3855
3852
3850
3850
3842
3840
3827
3809
3776
3774
3773
3763
3762
3760
3752
3738
3726
3725
3720
3713
3711
3677
3675
3666
3661
3647
3645
3629
3616
3605
3578
3563
3549
3546
3546
3537
3533
3522
3518
3513
3506
3496
3476
3464
3455
3440
3425
3409
3393
3389
3381
3368
3368
3367
3344
3331
3323
3321
3314
3303
3298
3267
3248
3241
3225
3216
3206
3205
3203
3190
3183
3183
3180
3162
3153
3150
3140
3138
3137
3128
3103
3096
3087
3084
3074
3073
3067
3061
3056
3055
3051
3043
3013
3010
2995
2988
2969
2968
2967
2945
2936
2925
2912
2912
2882
2868
2848
2836
2827
2810
2807
2794
2777
2769
2748
2743
2738
2730
2725
2710
2710
2710
2707
2703
2701
2687
2682
2664
2645
2624
2622
2618
2596
2596
2587
2572
2568
2567
2538
2506
2506
2485
2471
2468
2465
2462
2438
2422
2422
2385
2382
2345
2305
2304
2292
2286
2280
2271
2225
2220
2208
2188
2184
2179
2178
2176
2163
2155
2150
2143
2139
2134
2118
2115
2112
2102
2098
2095
2088
2082
2078
2071
2060
2052
2052
2033
2017
2007
2006
2001
2000
1993
1984
1975
1956
1955
1937
1936
1931
1926
1921
1911
1895
1890
1884
1875
1873
1871
1865
1864
1855
1833
1829
1823
1770
1769
1759
1758
1734
1716
1702
1660
1647
1613
1588
1568
1470
1458
1441
1434
1431
1424
1399
1398
1396
1396
1384
1380
1379
1379
1372
1365
1353
1346
1346
1336
1318
1315
1308
1303
1303
1287
1269
1258
1252
1251
1230
1227
1225
1224
1210
1204
1177
1171
1170
1164
1163
1157
1144
1137
1135
1124
1113
1110
1106
1105
1097
1092
1072
1058
1030
1026
1010
979
977
972
967
951
946
940
936
932
916
892
856
852
845
843
825
806
804
777
756
755
747
745
730
722
708
699
686
680
678
669
622
611
608
602
596
575
555
522
514
497
491
482
480
459
450
438
429
425
423
421
401
389
374
365
355
332
317
302
298
293
285
284
262
232
193
191
177
159
142
141
136
110
89
66
58
40
26
11
1
